9993.62166351	0.623710057034	0.918416204521
9401.94571525	0.623710057034	0.918416204521
8845.30084793	0.623710057034	0.918416204521
8321.61180374	0.623710057034	0.918416204521
7828.92806317	0.623710057034	0.918416204521
7365.41393933	0.623710057034	0.918416204521
6929.34220332	0.623710057034	0.918416204521
6519.08819204	0.623710057034	0.918416204521
6133.12353508	0.623710057034	0.918416204521
5770.00965889	0.623710057034	0.918416204521
5428.39457492	0.623710057034	0.918416204521
5107.00451204	0.623710057034	0.918416204521
4804.6427797	0.623710057034	0.918416204521
4520.18223701	0.623710057034	0.918416204521
4252.56352798	0.623710057034	0.918416204521
4000.78904451	0.623390382213	0.918416204521
3763.92101872	0.620714708146	0.916421030806
3541.07683556	0.617759380829	0.913543047712
3331.42619466	0.614525638607	0.910386910482
3134.1880864	0.611014205041	0.90695161046
2948.62745624	0.607224996459	0.903236763571
2774.05299803	0.603158056939	0.899240931127
2609.81427909	0.598817759535	0.894965011607
2455.29934305	0.594217888036	0.890418477601
2309.9325474	0.589378484592	0.88561351855
2173.17224895	0.584319380867	0.880562184872
2044.50888265	0.579052689696	0.875270649498
1923.46305418	0.5735801142	0.86973668477
1809.58382739	0.567897831337	0.863954270048
1702.44681804	0.561998404407	0.857913244067
1601.65288205	0.555875973588	0.851605509456
1506.82651008	0.54952577893	0.845022785512
1417.61435718	0.542946369793	0.838160176177
1333.68404284	0.536139011295	0.831014043909
1254.72284067	0.529111504376	0.823585722546
1180.43655932	0.521878920806	0.815883431449
1110.54843324	0.514458907316	0.807915714614
1044.79803764	0.506863870299	0.799686884102
982.940431717	0.499098072372	0.791194345681
924.745100007	0.491162397666	0.782432563357
869.995311692	0.483060465661	0.773398501172
818.486952598	0.474802795164	0.764096056788
770.028165206	0.466405656365	0.754533516411
724.438392552	0.457885335156	0.744718716712
681.547757093	0.449253837029	0.734655463634
641.196520203	0.440521505388	0.724347447662
603.234274073	0.43170074469	0.713800580724
567.519592563	0.42280660447	0.703023857383
533.919405459	0.413853901555	0.692026134891
502.308526269	0.404856584337	0.680816974254
472.569195945	0.395829042961	0.669408245579
444.590573865	0.386785579426	0.657812625666
418.268447633	0.377739633799	0.64604304028
393.504723587	0.368704021155	0.634113614396
370.207154212	0.359690997476	0.622040003486
348.288913006	0.350712143079	0.60983902622
327.668361996	0.341778271487	0.597528304203
308.268647106	0.332899405408	0.585126147738
290.017500945	0.32408474372	0.572651075836
272.846918857	0.315343008685	0.560121819624
256.692929443	0.30668264295	0.547556973525
241.49533914	0.298112019078	0.534975017964
227.197530245	0.289639432524	0.522393899201
213.746225598	0.281273061443	0.509830875235
201.091311375	0.273020852805	0.497302146364
189.185634147	0.264890476097	0.484822793526
177.984837867	0.256889159201	0.472406512145
167.447187622	0.249023690929	0.460065886813
157.533421043	0.241300362122	0.447812707732
148.206603353	0.233724913518	0.435658447143
139.431983278	0.22630250185	0.423614445613
131.176866619	0.219037704548	0.411692172076
123.41049849	0.211934478381	0.399903128298
116.103938826	0.204996186208	0.388258667256
109.229967666	0.198225574201	0.376769814141
102.762972826	0.191624754593	0.365447093018
96.6788574528	0.185195281314	0.354300574587
90.9549511917	0.178938112152	0.343339665798
85.5699373794	0.172853651335	0.332573177254
80.5037387278	0.166941775328	0.322009151857
75.7374885351	0.161201826205	0.311654856738
71.2534256074	0.155632659163	0.301516741548
67.0348452091	0.150232695051	0.291600493209
63.0660248725	0.144999900246	0.281910861799
59.3321800549	0.13993191289	0.272452032864
55.8193998464	0.135025985476	0.26322719207
52.514593222	0.130279042422	0.254238701902
49.4054488812	0.125687710492	0.245488092835
46.4803847612	0.121248425503	0.236976293227
43.7284973718	0.116957434334	0.228703587409
41.1395377699	0.112810733062	0.220669292684
38.7038579683	0.108804202978	0.21287211504
36.4123835954	0.104933654759	0.205310300156
34.2565766204	0.101194818245	0.197981483852
32.2284043729	0.0975833951512	0.190882826932
30.3203113492	0.0940950119897	0.184010791088
28.5251875822	0.0907252604234	0.177361222641
26.8363445907	0.0874699798824	0.170930380687
25.2474896865	0.0843247581773	0.16471303083
23.7527037395	0.0812855472629	0.158704714134
22.3464172641	0.0783482451815	0.152900168932
21.0233906244	0.0755087879174	0.147293662187
19.778693633	0.0727633182623	0.141879606805
18.6076896174	0.0701081276628	0.136652356226
17.5060155451	0.0675396376649	0.131606126067
16.4695661175	0.065054417338	0.126735075675
15.4944800771	0.06264919912	0.122033388973
14.5771243051	0.0603208386178	0.117495132112
13.7140809173	0.0580662425208	0.1131140093
12.902134289	0.055882526742	0.108883985186
12.1382592232	0.0537672477709	0.104800181094
11.4196096331	0.0517178214233	0.100856724518
10.743507415	0.0497316581903	0.0970472932594
10.1074345422	0.0478069431904	0.0933680736595
9.50902106741	0.0459411410334	0.0898121869049
8.94603601972	0.0441327686133	0.0863763737744
8.41638342549	0.0423795126016	0.0830539963465
7.91808883729	0.0406802300764	0.0798425192726
7.44929564496	0.039032709409	0.0767352297262
7.00825780421	0.0374360260232	0.0737300247637
6.59333132155	0.0358884967316	0.0708218360573
6.20297121172	0.034388580898	0.0680060311627
5.83572215197	0.0329356686772	0.0652813321881
5.49021633282	0.0315281031861	0.0626425580332
5.1651662337	0.0301645113927	0.0600855548675
4.85936087256	0.0288444540653	0.0576096076653
4.57166097629	0.0275668664889	0.0552117233045
4.30099425049	0.0263301132587	0.0528868774842
4.04635246615	0.0251332318954	0.0506325772799
3.80678681708	0.0239758429645	0.0484485122361
3.58140474964	0.0228571511721	0.0463329394358
3.36936652446	0.0217757247683	0.0442819144266
3.16988208156	0.0207301440299	0.0422916547077
2.98220822855	0.0197195182063	0.0403603910088
2.80564560321	0.018743347002	0.038487847708
2.63953640356	0.0178010303517	0.036673483739
2.4832617809	0.0168915452148	0.0349153481652
2.33623945658	0.0160134852356	0.033210239489
2.19792166562	0.015165331221	0.0315546731771
2.06779297563	0.0143457164089	0.0299458119875
1.94536864466	0.0135535368781	0.0283818413991
1.83019244067	0.0127878987931	0.0268617674958
1.72183530617	0.0120479666817	0.0253848824416
1.619893492	0.0113328056398	0.0239502133351
1.52398715567	0.0106412647241	0.0225561312551
1.43375900001	0.00997192509557	0.0212001906203
1.34887283128	0.00932309882722	0.0198791521393
1.26901237573	0.00869285214883	0.0185891004434
1.19388009106	0.00807902824939	0.0173255708894
1.12319603018	0.00747924425324	0.0160836087461
1.05669687515	0.00689084268563	0.0148577068871
0.994134788845	0.00631077689976	0.0136415749325
0.935276688185	0.0057353939269	0.0124276633646
0.879903301886	0.00516005334544	0.0112063128373
0.827808351329	0.00457842802941	0.00996419624478
0.778797722363	0.00398112209697	0.00868125624902
0.732688702958	0.00335255789073	0.00732383759574
0.689309637251	0.00266239832187	0.00582581070239
0.648498851256	0.00183151508207	0.0040137716454
