3763.92101872	0.00307071563012	0.00372748633745	0.00366081902351	0.0032678207556
3541.07683556	0.00552291495195	0.00738758264399	0.00892742470396	0.00939785189203
3331.42619466	0.00818401272423	0.0113724747411	0.0146839979495	0.0161092089242
3134.1880864	0.0110479049229	0.0156758764844	0.0209271010103	0.0234009546902
2948.62745624	0.014108993886	0.0202920389215	0.0276516736605	0.0312690233375
2774.05299803	0.0173605828889	0.0252145935951	0.0348540725125	0.03971188193
2609.81427909	0.0207911676872	0.0304315261118	0.0425259527258	0.0487245075944
2455.29934305	0.0243806944504	0.0359193367838	0.0506432594736	0.0582839878684
2309.9325474	0.0281021307874	0.0416472371464	0.0591770204872	0.0683637654662
2173.17224895	0.0319289688732	0.0475850963896	0.0680985633001	0.0789378051859
2044.50888265	0.0358426496594	0.0537122178012	0.077389614853	0.0899905828151
1923.46305418	0.0398347064297	0.0600200878406	0.0870464238919	0.101521892735
1809.58382739	0.0439020426879	0.0665062884085	0.0970713439914	0.113538002894
1702.44681804	0.0480435447163	0.0731720286893	0.107473190381	0.12605315422
1601.65288205	0.0522566004449	0.0800161372332	0.11825638099	0.139075983716
1506.82651008	0.0565370984272	0.0870356535371	0.129424816692	0.152615860593
1417.61435718	0.0608784968546	0.0942234747744	0.140975843797	0.166675072628
1333.68404284	0.0652716532309	0.101569195814	0.152903983552	0.181253387648
1254.72284067	0.0697030680935	0.109055251182	0.165194882345	0.196341376878
1180.43655932	0.0741547857488	0.116656627264	0.177822551013	0.211916195007
1110.54843324	0.0786077268681	0.124346267929	0.190760522806	0.227955850442
1044.79803764	0.0830467794746	0.132103252232	0.203989212122	0.244445159257
982.940431717	0.0874625791247	0.139915349401	0.217499832088	0.261380040065
924.745100007	0.0918485995418	0.147773734365	0.231287608525	0.278761301568
869.995311692	0.0961976552963	0.155666821761	0.245343083111	0.296584565958
818.486952598	0.100499824548	0.163576540951	0.259645540727	0.31483220139
770.028165206	0.104743083915	0.171479998957	0.274167497338	0.333479280977
724.438392552	0.10891624765	0.179355255095	0.288882357705	0.352502001606
681.547757093	0.113010916626	0.18718522516	0.303769674479	0.37188333398
641.196520203	0.117020601836	0.194955038536	0.318809099792	0.391604760085
603.234274073	0.120939108207	0.20264870228	0.333977055685	0.411643939912
567.519592563	0.124760286703	0.210248810462	0.349245780677	0.431973614723
533.919405459	0.128478768105	0.217739183414	0.364588153355	0.452566917897
502.308526269	0.13209029219	0.225105381365	0.379976572294	0.473395012094
472.569195945	0.135591431058	0.232333603994	0.395380925477	0.494425005513
444.590573865	0.138979424103	0.239411150794	0.41077087424	0.5156232767
418.268447633	0.142252221266	0.246327004303	0.426116714832	0.5369559581
393.504723587	0.145408405196	0.25307158003	0.441388248764	0.558387075584
370.207154212	0.148447081528	0.259636621581	0.45655455879	0.579877925943
348.288913006	0.151367812561	0.266015227943	0.471584686826	0.601388221919
327.668361996	0.154170592975	0.272201848385	0.486448250403	0.622876768968
308.268647106	0.156855812087	0.278192221125	0.501115715959	0.644301211625
290.017500945	0.159424274274	0.283983314134	0.51555907007	0.665618793574
272.846918857	0.161877165826	0.289573022119	0.529751871907	0.686786410139
256.692929443	0.164216040013	0.294959991759	0.54366968547	0.707761637791
241.49533914	0.166442783881	0.300143459327	0.55729005488	0.728502425418
227.197530245	0.168559601158	0.305123234373	0.570592938803	0.748968034754
213.746225598	0.170568980658	0.309899700152	0.583560803383	0.769119241493
201.091311375	0.17247366975	0.31447384918	0.596178899948	0.788919161877
189.185634147	0.17427663527	0.318847270919	0.608435183604	0.808333411614
177.984837867	0.175981047362	0.323022195131	0.620320412009	0.82733101842
167.447187622	0.177590237085	0.327001436602	0.631827704517	0.845884342984
157.533421043	0.179107665394	0.330788370486	0.64295210352	0.863969361324
148.206603353	0.180536897655	0.334386900047	0.653690042159	0.881565751393
139.431983278	0.181881572006	0.337801412902	0.664039126195	0.898657289137
131.176866619	0.183145366732	0.341036719232	0.673997880178	0.915231290998
123.41049849	0.184331981036	0.344098012119	0.683565812704	0.931278254892
116.103938826	0.18544510485	0.346990798886	0.692743532027	0.946791306558
109.229967666	0.186488398186	0.349720856979	0.701532831878	0.961765497055
102.762972826	0.187465476304	0.352294188673	0.709936746931	0.976197430882
96.6788574528	0.188379884554	0.354716943025	0.717959427574	0.990084867731
90.9549511917	0.18923508663	0.356995387265	0.725606198616	1.0034270373
85.5699373794	0.190034451976	0.359135850466	0.732883406497	1.01622455105
80.5037387278	0.190781242286	0.361144678896	0.739798430846	1.0284797907
75.7374885351	0.19147860576	0.363028206474	0.746359574998	1.04019679608
71.2534256074	0.192129567898	0.364792710648	0.752575979292	1.051381323
67.0348452091	0.192737025001	0.366444372583	0.758457477087	1.06204066473
63.0660248725	0.193303742645	0.367989264174	0.764014590726	1.07218379879
59.3321800549	0.193832348843	0.369433295001	0.769258214514	1.08182070871
55.8193998464	0.194325338317	0.370782218492	0.774199770081	1.09096298918
52.514593222	0.19478507101	0.372041606351	0.778851007182	1.09962339854
49.4054488812	0.195213774737	0.373216834677	0.783223921002	1.10781575941
46.4803847612	0.195613542563	0.374313054559	0.787330561175	1.11555458198
43.7284973718	0.195986338324	0.3753351938	0.791182993833	1.12285500201
41.1395377699	0.196334006823	0.376287973752	0.794793387992	1.12973307427
38.7038579683	0.196658271388	0.37717588066	0.798173787365	1.13620525428
36.4123835954	0.196960738934	0.378003163345	0.801336005376	1.14228811326
34.2565766204	0.197242907513	0.378773844006	0.804291656778	1.14799846057
32.2284043729	0.197506170771	0.379491716237	0.807052071109	1.15335313898
30.3203113492	0.197751826859	0.380160363965	0.80962835349	1.15836916979
28.5251875822	0.197981083122	0.380783162367	0.81203132143	1.1630635884
26.8363445907	0.198195050867	0.381363237865	0.814271129685	1.16745244598
25.2474896865	0.198394773212	0.381903570404	0.816357942201	1.17155255801
23.7527037395	0.198581205442	0.382406895052	0.818301138438	1.17537938489
22.3464172641	0.19875523851	0.382875787723	0.820109863067	1.17894846654
21.0233906244	0.198917700395	0.383312658193	0.821792901806	1.18227505391
19.778693633	0.19906935516	0.383719734761	0.823358501899	1.18537360511
18.6076896174	0.199210910505	0.384099085681	0.824814458264	1.1882579824
17.5060155451	0.199343023009	0.38445263259	0.826168152308	1.19094151538
16.4695661175	0.199466301977	0.384782158031	0.82742654532	1.19343694838
15.4944800771	0.19958131296	0.385089313095	0.828596176702	1.1957564034
14.5771243051	0.199688582574	0.385375631674	0.829683218656	1.1979114872
13.7140809173	0.199788603738	0.385642546725	0.830693545626	1.19991344181
12.902134289	0.199881833998	0.385891378451	0.831632602496	1.20177276468
12.1382592232	0.199968692737	0.386123318313	0.832505246769	1.20349875519
11.4196096331	0.20004957933	0.386339502193	0.833316245846	1.20510080118
10.743507415	0.200124870786	0.38654099742	0.834070147597	1.20658801037
10.1074345422	0.200194905455	0.386728731429	0.834770727547	1.20796771652
9.50902106741	0.200260020153	0.386903646806	0.83542209581	1.20924838562
8.94603601972	0.200320511029	0.38706653398	0.83602744678	1.21043628231
8.41638342549	0.20037667673	0.387218212158	0.836590358417	1.21153888451
7.91808883729	0.20042877699	0.387359354127	0.837113496843	1.21256143836
7.44929564496	0.200477079573	0.387490682842	0.837600029245	1.21351067456
7.00825780421	0.200521814749	0.387612779201	0.838052208175	1.2143910473
6.59333132155	0.200563215422	0.387726251048	0.838472592264	1.21520794732
6.20297121172	0.200601500108	0.38783166075	0.838863504452	1.21596625521
5.83572215197	0.200636861457	0.387929476975	0.839226672394	1.21666937631
5.49021633282	0.200669499366	0.388020213955	0.839564234649	1.21732188995
5.1651662337	0.20069959864	0.388104337498	0.839878050823	1.21792771823
4.85936087256	0.200727321425	0.388182232716	0.840169457831	1.21848946746
4.57166097629	0.200752830664	0.388254303118	0.840439990336	1.21901032686
4.30099425049	0.200776287703	0.388320960382	0.840691302916	1.21949385832
4.04635246615	0.200797836121	0.3883825559	0.840924666844	1.21994265784
3.80678681708	0.200817604929	0.3884393942	0.841141066388	1.22035860313
3.58140474964	0.200835721177	0.388491785886	0.84134158345	1.22074386653
3.36936652446	0.200852311303	0.388540053057	0.841527436781	1.22110101741
3.16988208156	0.20086749341	0.388584496374	0.841699740668	1.22143238107
2.98220822855	0.20088137281	0.388625375848	0.841859363564	1.22173966066
2.80564560321	0.200894044815	0.388662922189	0.842007010305	1.22202415124
2.63953640356	0.200905600009	0.388697358564	0.842143380317	1.22228715649
2.4832617809	0.200916126814	0.388728910946	0.842269243189	1.22253018868
2.33623945658	0.200925710537	0.388757803536	0.842385404719	1.2227548787
2.19792166562	0.200934430952	0.388784247975	0.842492627327	1.22296276494
2.06779297563	0.200942360619	0.388808435667	0.842591573071	1.22315514142
1.94536864466	0.200949564812	0.388830536884	0.842682795805	1.22333303584
1.83019244067	0.200956102635	0.38885070489	0.842766770173	1.22349728555
1.72183530617	0.200962028538	0.388869081745	0.84284393247	1.22364864522
1.619893492	0.200967393509	0.388885802762	0.842914712008	1.22378787011
1.52398715567	0.200972245732	0.388900998731	0.842979545669	1.2239157547
1.43375900001	0.200976630727	0.388914795956	0.843038876644	1.22403312958
1.34887283128	0.200980591192	0.388927315074	0.843093144037	1.22414083401
1.26901237573	0.200984166772	0.388938669567	0.843142770071	1.22423968176
1.19388009106	0.200987393881	0.388948964548	0.84318814932	1.22433043227
1.12319603018	0.200990305669	0.388958296151	0.843229642256	1.224413773
1.05669687515	0.200992932116	0.388966751533	0.843267573272	1.22449031357
0.994134788845	0.20099530024	0.388974409341	0.84330223216	1.22456058899
0.935276688185	0.200997434371	0.388981340502	0.84333387791	1.22462506906
0.879903301886	0.200999356435	0.388987609095	0.843362743279	1.2246841698
0.827808351329	0.201001086244	0.388993273243	0.84338903952	1.22473826529
0.778797722363	0.201002641748	0.388998385913	0.843412960516	1.22478769794
0.732688702958	0.201004039265	0.389002995601	0.843434686129	1.22483278667
0.689309637251	0.201005293667	0.389007146881	0.843454384656	1.22487383269
0.648498851256	0.201006418522	0.389010880798	0.843472214363	1.22491112298
0.610104275859	0.201007426237	0.389014235246	0.843488324726	1.2249449327
